12 18 18 18 19 21 22 16 22 18 12 19 22 18 21 18 22 16 18 19 18 21 25 16 15 16 18 18 22 21 18 15 22 13 18 19 19 18 25 15 18 16 21 18 16 21 21 16 22 16 18 22 15 15 22 18 15 13 21 22 18 19 18 16 22 16 18 18 15 19 24 18 22 16 18 19 16 15 18 18 24
12 18 18 18 19 21 22 16 22 18 12 22 19 18 21 18 22 16 18 22 18 21 15 22 13 18 19 18 19 21 18 25 16 15 16 18 19 18 15 25 18 16 21 18 16 21 21 22 16 16 18 22 15 15 22 18 13 15 21 22 18 19 18 16 22 18 16 18 15 19 24 18 22 16 19 18 16 15 18 18 24
12 18 19 19 19 21 21 15 22 18 12 19 19 21 19 21 22 15 19 19 18 24 15 22 15 18 16 19 19 24 18 22 15 15 16 18 19 21 15 22 18 13 22 18 18 21 19 22 15 13 18 22 18 18 21 21 15 15 22 22 18 16 16 15 22 18 16 18 18 16 24 19 22 15 16 18 18 18 16 19 24
12 18 19 19 19 21 21 15 22 18 12 19 19 21 19 21 22 15 19 19 18 24 22 15 15 16 18 19 19 24 18 15 22 15 18 16 19 21 22 15 18 13 22 18 18 21 19 15 22 13 18 22 18 18 21 21 15 15 22 22 18 16 16 15 22 16 18 18 18 16 24 19 22 15 18 16 18 18 16 19 24
12 18 19 19 19 21 21 15 22 18 12 19 19 21 21 19 22 15 19 19 18 24 15 15 22 18 16 19 19 24 18 22 15 15 16 18 19 21 15 22 18 22 13 18 18 21 21 15 15 22 18 22 16 16 21 19 22 15 13 22 18 18 18 15 22 18 16 18 16 18 24 19 22 15 16 18 18 16 18 19 24
12 18 19 19 19 21 21 15 22 18 12 19 19 21 21 19 22 15 19 19 18 24 22 15 15 16 18 19 19 24 18 15 15 22 18 16 19 21 22 15 18 22 13 18 18 21 21 15 15 22 18 22 16 16 21 19 15 22 13 22 18 18 18 15 22 16 18 18 16 18 24 19 22 15 18 16 18 16 18 19 24
12 18 19 19 19 21 21 15 22 18 12 19 21 19 19 21 22 15 19 19 18 15 24 22 15 18 16 19 21 15 18 22 13 22 18 18 19 19 24 22 18 15 15 16 18 21 19 22 13 15 18 22 18 18 21 21 15 22 15 22 18 16 16 15 22 18 18 16 18 16 24 19 22 15 16 18 18 18 16 19 24
12 18 19 19 19 21 21 15 22 18 12 19 21 19 19 21 22 15 19 19 18 22 24 15 15 16 18 19 21 22 18 15 13 22 18 18 19 19 24 15 18 22 15 18 16 21 19 15 13 22 18 22 18 18 21 21 15 22 15 22 18 16 16 15 22 16 18 18 18 16 24 19 22 15 18 18 16 18 16 19 24
12 18 19 19 19 21 21 15 22 18 12 19 21 19 21 19 22 15 19 19 18 15 24 15 22 18 16 19 21 15 18 22 22 13 18 18 19 19 24 22 18 15 15 16 18 21 21 15 22 15 18 22 16 16 21 19 22 13 15 22 18 18 18 15 22 18 18 16 16 18 24 19 22 15 16 18 18 16 18 19 24
12 18 19 19 19 21 21 15 22 18 12 19 21 19 21 19 22 15 19 19 18 22 24 15 15 16 18 19 21 22 18 15 22 13 18 18 19 19 24 15 18 15 22 18 16 21 21 15 22 15 18 22 16 16 21 19 15 13 22 22 18 18 18 15 22 16 18 18 16 18 24 19 22 15 18 18 16 16 18 19 24
12 18 19 19 19 21 21 15 22 18 12 21 19 19 19 21 22 15 19 21 18 15 22 13 22 18 18 19 19 15 18 24 22 15 18 16 19 19 22 24 18 15 15 16 18 21 19 13 22 15 18 22 18 18 21 21 22 15 15 22 18 16 16 15 22 18 18 16 18 16 24 19 22 15 18 16 18 18 16 19 24
12 18 19 19 19 21 21 15 22 18 12 21 19 19 19 21 22 15 19 21 18 22 15 13 22 18 18 19 19 22 18 24 15 15 16 18 19 19 15 24 18 22 15 18 16 21 19 13 15 22 18 22 18 18 21 21 22 15 15 22 18 16 16 15 22 18 16 18 18 16 24 19 22 15 18 18 16 18 16 19 24
12 18 19 19 19 21 21 15 22 18 12 21 19 19 21 19 22 15 19 21 18 15 22 22 13 18 18 19 19 15 18 24 15 22 18 16 19 19 22 24 18 15 15 16 18 21 21 22 15 15 18 22 16 16 21 19 13 22 15 22 18 18 18 15 22 18 18 16 16 18 24 19 22 15 18 16 18 16 18 19 24
12 18 19 19 19 21 21 15 22 18 12 21 19 19 21 19 22 15 19 21 18 22 15 22 13 18 18 19 19 22 18 24 15 15 16 18 19 19 15 24 18 15 22 18 16 21 21 22 15 15 18 22 16 16 21 19 13 15 22 22 18 18 18 15 22 18 16 18 16 18 24 19 22 15 18 18 16 16 18 19 24
12 19 18 18 18 22 22 16 21 19 12 18 18 22 18 22 21 16 18 18 18 25 16 21 16 19 15 18 18 25 18 21 16 16 15 19 18 22 16 21 18 12 21 19 19 22 18 21 16 12 18 21 19 19 22 22 16 16 21 21 18 15 15 16 21 19 15 19 19 15 24 18 21 16 15 19 19 19 15 18 24
12 19 18 18 18 22 22 16 21 19 12 18 18 22 18 22 21 16 18 18 18 25 21 16 16 15 19 18 18 25 18 16 21 16 19 15 18 22 21 16 18 12 21 19 19 22 18 16 21 12 18 21 19 19 22 22 16 16 21 21 18 15 15 16 21 15 19 19 19 15 24 18 21 16 19 15 19 19 15 18 24
12 19 18 18 18 22 22 16 21 19 12 18 18 22 22 18 21 16 18 18 18 25 16 16 21 19 15 18 18 25 18 21 16 16 15 19 18 22 16 21 18 21 12 19 19 22 22 16 16 21 18 21 15 15 22 18 21 16 12 21 18 19 19 16 21 19 15 19 15 19 24 18 21 16 15 19 19 15 19 18 24
12 19 18 18 18 22 22 16 21 19 12 18 18 22 22 18 21 16 18 18 18 25 21 16 16 15 19 18 18 25 18 16 16 21 19 15 18 22 21 16 18 21 12 19 19 22 22 16 16 21 18 21 15 15 22 18 16 21 12 21 18 19 19 16 21 15 19 19 15 19 24 18 21 16 19 15 19 15 19 18 24
12 19 18 18 18 22 22 16 21 19 12 18 22 18 18 22 21 16 18 18 18 16 25 21 16 19 15 18 22 16 18 21 12 21 19 19 18 18 25 21 18 16 16 15 19 22 18 21 12 16 18 21 19 19 22 22 16 21 16 21 18 15 15 16 21 19 19 15 19 15 24 18 21 16 15 19 19 19 15 18 24
12 19 18 18 18 22 22 16 21 19 12 18 22 18 18 22 21 16 18 18 18 21 25 16 16 15 19 18 22 21 18 16 12 21 19 19 18 18 25 16 18 21 16 19 15 22 18 16 12 21 18 21 19 19 22 22 16 21 16 21 18 15 15 16 21 15 19 19 19 15 24 18 21 16 19 19 15 19 15 18 24
12 19 18 18 18 22 22 16 21 19 12 18 22 18 22 18 21 16 18 18 18 16 25 16 21 19 15 18 22 16 18 21 21 12 19 19 18 18 25 21 18 16 16 15 19 22 22 16 21 16 18 21 15 15 22 18 21 12 16 21 18 19 19 16 21 19 19 15 15 19 24 18 21 16 15 19 19 15 19 18 24
12 19 18 18 18 22 22 16 21 19 12 18 22 18 22 18 21 16 18 18 18 21 25 16 16 15 19 18 22 21 18 16 21 12 19 19 18 18 25 16 18 16 21 19 15 22 22 16 21 16 18 21 15 15 22 18 16 12 21 21 18 19 19 16 21 15 19 19 15 19 24 18 21 16 19 19 15 15 19 18 24
12 19 18 18 18 22 22 16 21 19 12 22 18 18 18 22 21 16 18 22 18 16 21 12 21 19 19 18 18 16 18 25 21 16 19 15 18 18 21 25 18 16 16 15 19 22 18 12 21 16 18 21 19 19 22 22 21 16 16 21 18 15 15 16 21 19 19 15 19 15 24 18 21 16 19 15 19 19 15 18 24
12 19 18 18 18 22 22 16 21 19 12 22 18 18 18 22 21 16 18 22 18 21 16 12 21 19 19 18 18 21 18 25 16 16 15 19 18 18 16 25 18 21 16 19 15 22 18 12 16 21 18 21 19 19 22 22 21 16 16 21 18 15 15 16 21 19 15 19 19 15 24 18 21 16 19 19 15 19 15 18 24
12 19 18 18 18 22 22 16 21 19 12 22 18 18 22 18 21 16 18 22 18 16 21 21 12 19 19 18 18 16 18 25 16 21 19 15 18 18 21 25 18 16 16 15 19 22 22 21 16 16 18 21 15 15 22 18 12 21 16 21 18 19 19 16 21 19 19 15 15 19 24 18 21 16 19 15 19 15 19 18 24
12 19 18 18 18 22 22 16 21 19 12 22 18 18 22 18 21 16 18 22 18 21 16 21 12 19 19 18 18 21 18 25 16 16 15 19 18 18 16 25 18 16 21 19 15 22 22 21 16 16 18 21 15 15 22 18 12 16 21 21 18 19 19 16 21 19 15 19 15 19 24 18 21 16 19 19 15 15 19 18 24
12 19 18 19 19 21 22 15 21 19 12 19 18 21 19 22 21 15 18 19 18 24 16 22 15 19 15 19 18 24 18 22 16 15 15 19 19 21 16 22 18 12 21 19 18 21 19 22 16 12 18 21 18 19 22 22 15 15 21 21 18 16 16 15 21 19 15 19 18 16 24 19 21 15 15 19 18 19 16 19 24
12 19 18 19 19 21 22 15 21 19 12 19 21 18 19 22 21 15 18 19 18 16 24 22 15 19 15 19 21 16 18 22 12 21 19 18 19 18 24 22 18 16 15 15 19 21 19 22 12 16 18 21 18 19 22 22 15 21 15 21 18 16 16 15 21 19 19 15 18 16 24 19 21 15 15 18 19 19 16 19 24
