10 19 19 19 19 20 20 20 20 19 14 22 22 20 15 15 18 21 19 22 14 22 20 15 18 21 15 19 22 22 14 20 15 21 15 18 19 20 20 20 18 24 15 15 15 20 15 15 15 24 20 19 19 19 20 15 18 21 15 19 24 17 17 20 18 21 15 15 19 17 24 17 20 21 15 18 15 19 17 17 24 
10 19 19 19 19 20 20 20 20 19 14 22 22 20 15 15 18 21 19 22 14 22 20 15 21 15 18 19 22 22 14 20 15 18 21 15 19 20 20 20 18 24 15 15 15 20 15 15 15 24 20 19 19 19 20 15 21 18 15 19 24 17 17 20 18 15 21 15 19 17 24 17 20 21 18 15 15 19 17 17 24 
10 19 19 19 19 20 20 20 20 19 14 22 22 20 15 15 21 18 19 22 14 22 20 15 18 15 21 19 22 22 14 20 15 21 18 15 19 20 20 20 18 24 15 15 15 20 15 15 15 24 20 19 19 19 20 15 18 21 15 19 24 17 17 20 21 15 18 15 19 17 24 17 20 18 21 15 15 19 17 17 24 
10 19 19 19 19 20 20 20 20 19 14 22 22 20 15 15 21 18 19 22 14 22 20 15 21 18 15 19 22 22 14 20 15 18 15 21 19 20 20 20 18 24 15 15 15 20 15 15 15 24 20 19 19 19 20 15 21 18 15 19 24 17 17 20 21 18 15 15 19 17 24 17 20 18 15 21 15 19 17 17 24 
10 19 19 19 19 20 20 20 20 19 14 22 22 20 15 18 15 21 19 22 14 22 20 15 15 21 18 19 22 22 14 20 15 21 18 15 19 20 20 20 18 24 15 15 15 20 15 15 15 24 20 19 19 19 20 18 15 21 15 19 24 17 17 20 15 21 18 15 19 17 24 17 20 21 18 15 15 19 17 17 24 
10 19 19 19 19 20 20 20 20 19 14 22 22 20 15 18 15 21 19 22 14 22 20 15 21 18 15 19 22 22 14 20 15 15 21 18 19 20 20 20 18 24 15 15 15 20 15 15 15 24 20 19 19 19 20 18 21 15 15 19 24 17 17 20 15 18 21 15 19 17 24 17 20 21 15 18 15 19 17 17 24 
10 19 19 19 19 20 20 20 20 19 14 22 22 20 15 18 21 15 19 22 14 22 20 15 15 18 21 19 22 22 14 20 15 21 15 18 19 20 20 20 18 24 15 15 15 20 15 15 15 24 20 19 19 19 20 18 15 21 15 19 24 17 17 20 21 18 15 15 19 17 24 17 20 15 21 18 15 19 17 17 24 
10 19 19 19 19 20 20 20 20 19 14 22 22 20 15 18 21 15 19 22 14 22 20 15 21 15 18 19 22 22 14 20 15 15 18 21 19 20 20 20 18 24 15 15 15 20 15 15 15 24 20 19 19 19 20 18 21 15 15 19 24 17 17 20 21 15 18 15 19 17 24 17 20 15 18 21 15 19 17 17 24 
10 19 19 19 19 20 20 20 20 19 14 22 22 20 15 21 15 18 19 22 14 22 20 15 15 18 21 19 22 22 14 20 15 18 21 15 19 20 20 20 18 24 15 15 15 20 15 15 15 24 20 19 19 19 20 21 15 18 15 19 24 17 17 20 15 18 21 15 19 17 24 17 20 18 21 15 15 19 17 17 24 
10 19 19 19 19 20 20 20 20 19 14 22 22 20 15 21 15 18 19 22 14 22 20 15 18 21 15 19 22 22 14 20 15 15 18 21 19 20 20 20 18 24 15 15 15 20 15 15 15 24 20 19 19 19 20 21 18 15 15 19 24 17 17 20 15 21 18 15 19 17 24 17 20 18 15 21 15 19 17 17 24 
10 19 19 19 19 20 20 20 20 19 14 22 22 20 15 21 18 15 19 22 14 22 20 15 15 21 18 19 22 22 14 20 15 18 15 21 19 20 20 20 18 24 15 15 15 20 15 15 15 24 20 19 19 19 20 21 15 18 15 19 24 17 17 20 18 21 15 15 19 17 24 17 20 15 18 21 15 19 17 17 24 
10 19 19 19 19 20 20 20 20 19 14 22 22 20 15 21 18 15 19 22 14 22 20 15 18 15 21 19 22 22 14 20 15 15 21 18 19 20 20 20 18 24 15 15 15 20 15 15 15 24 20 19 19 19 20 21 18 15 15 19 24 17 17 20 18 15 21 15 19 17 24 17 20 15 21 18 15 19 17 17 24 
10 19 19 19 20 19 20 20 20 19 14 21 22 18 21 18 13 20 19 21 14 24 15 19 18 20 16 19 22 24 16 14 16 19 18 18 20 18 15 14 16 22 23 18 20 19 21 19 16 22 22 14 18 15 20 18 18 19 23 14 22 17 15 20 13 20 18 18 18 17 24 18 20 20 16 18 20 15 15 18 24 
10 19 19 19 20 19 20 20 20 19 14 21 22 18 21 18 20 13 19 21 14 24 15 19 18 16 20 19 22 24 16 14 16 19 18 18 20 18 15 14 16 22 23 20 18 19 21 19 16 22 22 14 15 18 20 18 18 19 23 14 22 15 17 20 20 16 18 20 15 15 24 18 20 13 20 18 18 18 17 18 24 
10 19 19 19 20 19 20 20 20 19 14 21 24 15 19 18 16 20 19 21 14 22 18 21 18 20 13 19 24 22 16 14 16 19 18 18 20 15 18 14 16 22 23 20 18 19 19 21 16 22 22 14 15 18 20 18 18 19 23 14 22 15 17 20 16 20 18 20 15 15 24 18 20 20 13 18 18 18 17 18 24 
10 19 19 19 20 19 20 20 20 19 14 21 24 15 19 18 20 16 19 21 14 22 18 21 18 13 20 19 24 22 16 14 16 19 18 18 20 15 18 14 16 22 23 18 20 19 19 21 16 22 22 14 18 15 20 18 18 19 23 14 22 17 15 20 20 13 18 18 18 17 24 18 20 16 20 18 20 15 15 18 24 
10 19 19 19 20 20 19 20 20 19 14 21 22 18 18 21 13 20 19 21 14 24 15 18 19 20 16 19 22 24 16 14 19 16 18 18 20 18 15 14 16 23 22 18 20 20 18 18 19 23 22 14 17 15 19 21 19 16 22 14 22 18 15 20 13 20 18 18 17 18 24 18 20 20 16 18 20 15 15 18 24 
10 19 19 19 20 20 19 20 20 19 14 21 22 18 18 21 20 13 19 21 14 24 15 18 19 16 20 19 22 24 16 14 19 16 18 18 20 18 15 14 16 23 22 20 18 20 18 18 19 23 22 14 15 17 19 21 19 16 22 14 22 15 18 20 20 16 18 20 15 15 24 18 20 13 20 18 18 17 18 18 24 
10 19 19 19 20 20 19 20 20 19 14 21 24 15 18 19 16 20 19 21 14 22 18 18 21 20 13 19 24 22 16 14 19 16 18 18 20 15 18 14 16 23 22 20 18 20 18 18 19 23 22 14 15 17 19 19 21 16 22 14 22 15 18 20 16 20 18 20 15 15 24 18 20 20 13 18 18 17 18 18 24 
10 19 19 19 20 20 19 20 20 19 14 21 24 15 18 19 20 16 19 21 14 22 18 18 21 13 20 19 24 22 16 14 19 16 18 18 20 15 18 14 16 23 22 18 20 20 18 18 19 23 22 14 17 15 19 19 21 16 22 14 22 18 15 20 20 13 18 18 17 18 24 18 20 16 20 18 20 15 15 18 24 
10 19 19 20 19 19 20 20 20 19 14 21 15 24 19 18 16 20 19 21 14 18 22 21 18 20 13 20 15 18 16 14 22 23 20 18 19 24 22 14 16 16 19 18 18 19 19 21 22 16 22 14 15 18 20 18 18 23 19 14 22 15 17 20 16 20 20 18 15 15 24 18 20 20 13 18 18 18 17 18 24 
10 19 19 20 19 19 20 20 20 19 14 21 15 24 19 18 20 16 19 21 14 18 22 21 18 13 20 20 15 18 16 14 22 23 18 20 19 24 22 14 16 16 19 18 18 19 19 21 22 16 22 14 18 15 20 18 18 23 19 14 22 17 15 20 20 13 18 18 18 17 24 18 20 16 20 20 18 15 15 18 24 
10 19 19 20 19 19 20 20 20 19 14 21 18 22 21 18 13 20 19 21 14 15 24 19 18 20 16 20 18 15 16 14 22 23 18 20 19 22 24 14 16 16 19 18 18 19 21 19 22 16 22 14 18 15 20 18 18 23 19 14 22 17 15 20 13 20 18 18 18 17 24 18 20 20 16 20 18 15 15 18 24 
10 19 19 20 19 19 20 20 20 19 14 21 18 22 21 18 20 13 19 21 14 15 24 19 18 16 20 20 18 15 16 14 22 23 20 18 19 22 24 14 16 16 19 18 18 19 21 19 22 16 22 14 15 18 20 18 18 23 19 14 22 15 17 20 20 16 20 18 15 15 24 18 20 13 20 18 18 18 17 18 24 
10 19 19 20 19 20 19 20 20 19 14 21 15 24 18 19 16 20 19 21 14 18 22 18 21 20 13 20 15 18 16 14 23 22 20 18 19 24 22 14 16 19 16 18 18 20 18 18 23 19 22 14 15 17 19 19 21 22 16 14 22 15 18 20 16 20 20 18 15 15 24 18 20 20 13 18 18 17 18 18 24 
10 19 19 20 19 20 19 20 20 19 14 21 15 24 18 19 20 16 19 21 14 18 22 18 21 13 20 20 15 18 16 14 23 22 18 20 19 24 22 14 16 19 16 18 18 20 18 18 23 19 22 14 17 15 19 19 21 22 16 14 22 18 15 20 20 13 18 18 17 18 24 18 20 16 20 20 18 15 15 18 24 
10 19 19 20 19 20 19 20 20 19 14 21 18 22 18 21 13 20 19 21 14 15 24 18 19 20 16 20 18 15 16 14 23 22 18 20 19 22 24 14 16 19 16 18 18 20 18 18 23 19 22 14 17 15 19 21 19 22 16 14 22 18 15 20 13 20 18 18 17 18 24 18 20 20 16 20 18 15 15 18 24 
10 19 19 20 19 20 19 20 20 19 14 21 18 22 18 21 20 13 19 21 14 15 24 18 19 16 20 20 18 15 16 14 23 22 20 18 19 22 24 14 16 19 16 18 18 20 18 18 23 19 22 14 15 17 19 21 19 22 16 14 22 15 18 20 20 16 20 18 15 15 24 18 20 13 20 18 18 17 18 18 24 
10 19 19 20 20 19 19 20 20 19 14 23 18 20 22 19 14 17 19 23 14 19 20 20 21 16 14 20 18 19 16 23 12 20 18 20 20 20 20 23 18 17 12 19 17 19 22 20 12 17 20 16 20 20 19 19 21 20 12 16 22 19 18 20 14 16 18 19 20 19 24 16 20 17 14 20 17 20 18 16 24 
10 19 19 20 20 19 19 20 20 19 14 23 18 20 22 19 17 14 19 23 14 19 20 20 21 14 16 20 18 19 16 23 12 20 20 18 20 20 20 23 18 17 12 17 19 19 22 20 12 17 20 16 20 20 19 19 21 20 12 16 22 18 19 20 17 14 20 17 20 18 24 16 20 14 16 18 19 20 19 16 24 
10 19 19 20 20 19 19 20 20 19 14 23 19 20 20 21 14 16 19 23 14 18 20 22 19 17 14 20 19 18 16 23 12 20 20 18 20 20 20 23 18 17 12 17 19 19 20 22 12 17 20 16 20 20 19 21 19 20 12 16 22 18 19 20 14 17 20 17 20 18 24 16 20 16 14 18 19 20 19 16 24 
10 19 19 20 20 19 19 20 20 19 14 23 19 20 20 21 16 14 19 23 14 18 20 22 19 14 17 20 19 18 16 23 12 20 18 20 20 20 20 23 18 17 12 19 17 19 20 22 12 17 20 16 20 20 19 21 19 20 12 16 22 19 18 20 16 14 18 19 20 19 24 16 20 14 17 20 17 20 18 16 24 
10 19 19 19 19 20 20 20 20 19 14 20 19 25 16 19 16 18 19 20 16 24 18 22 16 15 16 19 19 24 18 17 17 14 22 16 19 25 18 17 18 14 20 16 19 20 16 22 17 14 20 22 15 20 20 19 16 14 20 22 20 21 14 20 16 15 22 16 15 21 22 19 20 18 16 16 19 20 14 19 24 
10 19 19 19 19 20 20 20 20 19 14 20 19 25 19 16 16 18 19 20 16 24 18 16 22 15 16 19 19 24 18 17 14 17 22 16 19 25 18 17 18 20 14 16 19 20 19 16 14 20 20 22 21 14 20 16 22 17 14 22 20 15 20 20 16 15 22 16 21 15 22 19 20 18 16 16 19 14 20 19 24 
10 19 19 19 19 20 20 20 20 19 14 20 25 19 16 19 16 18 19 20 16 18 24 22 16 15 16 19 25 18 18 17 14 20 16 19 19 19 24 17 18 17 14 22 16 20 16 22 14 17 20 22 15 20 20 19 16 20 14 22 20 21 14 20 16 15 16 22 15 21 22 19 20 18 16 19 16 20 14 19 24 
10 19 19 19 19 20 20 20 20 19 14 20 25 19 19 16 16 18 19 20 16 18 24 16 22 15 16 19 25 18 18 17 20 14 16 19 19 19 24 17 18 14 17 22 16 20 19 16 20 14 20 22 21 14 20 16 22 14 17 22 20 15 20 20 16 15 16 22 21 15 22 19 20 18 16 19 16 14 20 19 24 
10 19 19 19 20 19 20 20 20 19 14 19 21 18 24 14 19 18 19 19 18 23 14 18 22 14 19 19 21 23 18 16 16 17 22 14 20 18 14 16 18 21 23 21 15 19 24 18 16 21 20 16 14 18 20 14 22 17 23 16 20 16 18 20 19 14 22 21 14 16 20 20 20 18 19 14 15 18 18 20 24 
10 19 19 19 20 19 20 20 20 19 14 19 21 18 24 19 14 18 19 19 18 23 14 18 14 22 19 19 21 23 18 16 16 22 17 14 20 18 14 16 18 21 21 23 15 19 24 18 16 21 20 14 16 18 20 19 14 22 21 14 20 16 20 20 14 22 17 23 16 16 20 18 20 18 19 14 15 18 20 18 24 
10 19 19 19 20 19 20 20 20 19 14 21 19 18 24 14 19 18 19 21 18 23 16 16 17 22 14 19 19 23 18 14 18 22 14 19 20 18 16 14 18 21 23 21 15 19 24 16 18 21 20 16 14 18 20 14 17 22 23 16 20 16 18 20 19 22 14 21 14 16 20 20 20 18 14 19 15 18 18 20 24 
10 19 19 19 20 19 20 20 20 19 14 21 19 18 24 19 14 18 19 21 18 23 16 16 22 17 14 19 19 23 18 14 18 14 22 19 20 18 16 14 18 21 21 23 15 19 24 16 18 21 20 14 16 18 20 19 22 14 21 14 20 16 20 20 14 17 22 23 16 16 20 18 20 18 14 19 15 18 20 18 24 
10 19 19 19 20 20 19 20 20 19 14 19 21 18 14 24 19 18 19 19 18 23 14 22 18 14 19 19 21 23 18 16 17 16 22 14 20 18 14 16 18 23 21 21 15 20 14 22 17 23 20 16 16 18 19 24 18 16 21 16 20 14 18 20 19 14 22 21 16 14 20 20 20 18 19 14 15 18 18 20 24 
10 19 19 19 20 20 19 20 20 19 14 19 21 18 19 24 14 18 19 19 18 23 14 14 18 22 19 19 21 23 18 16 22 16 17 14 20 18 14 16 18 21 21 23 15 20 19 14 22 21 20 14 16 20 19 24 18 16 21 14 20 16 18 20 14 22 17 23 16 16 20 18 20 18 19 14 15 20 18 18 24 
10 19 19 19 20 20 19 20 20 19 14 21 19 18 14 24 19 18 19 21 18 23 16 17 16 22 14 19 19 23 18 14 22 18 14 19 20 18 16 14 18 23 21 21 15 20 14 17 22 23 20 16 16 18 19 24 16 18 21 16 20 14 18 20 19 22 14 21 16 14 20 20 20 18 14 19 15 18 18 20 24 
10 19 19 19 20 20 19 20 20 19 14 21 19 18 19 24 14 18 19 21 18 23 16 22 16 17 14 19 19 23 18 14 14 18 22 19 20 18 16 14 18 21 21 23 15 20 19 22 14 21 20 14 16 20 19 24 16 18 21 14 20 16 18 20 14 17 22 23 16 16 20 18 20 18 14 19 15 20 18 18 24 
10 19 19 19 20 20 20 19 20 19 14 19 21 18 14 19 24 18 19 19 18 23 14 22 14 18 19 19 21 23 18 16 17 22 16 14 20 18 14 16 18 23 21 21 15 20 14 22 17 23 20 16 16 18 20 19 14 22 21 16 20 14 20 19 24 18 16 21 16 14 20 18 20 18 19 14 15 18 20 18 24 
10 19 19 19 20 20 20 19 20 19 14 19 21 18 19 14 24 18 19 19 18 23 14 14 22 18 19 19 21 23 18 16 22 17 16 14 20 18 14 16 18 21 23 21 15 20 19 14 22 21 20 16 14 20 20 14 22 17 23 16 20 16 18 19 24 18 16 21 14 16 20 18 20 18 19 14 15 20 18 18 24 
10 19 19 19 20 20 20 19 20 19 14 21 19 18 14 19 24 18 19 21 18 23 16 17 22 16 14 19 19 23 18 14 22 14 18 19 20 18 16 14 18 23 21 21 15 20 14 17 22 23 20 16 16 18 20 19 22 14 21 16 20 14 20 19 24 16 18 21 16 14 20 18 20 18 14 19 15 18 20 18 24 
10 19 19 19 20 20 20 19 20 19 14 21 19 18 19 14 24 18 19 21 18 23 16 22 17 16 14 19 19 23 18 14 14 22 18 19 20 18 16 14 18 21 23 21 15 20 19 22 14 21 20 16 14 20 20 14 17 22 23 16 20 16 18 19 24 16 18 21 14 16 20 18 20 18 14 19 15 20 18 18 24 
10 19 19 20 19 19 20 20 20 19 14 19 18 21 24 14 19 18 19 19 18 14 23 18 22 14 19 20 18 14 18 16 21 23 21 15 19 21 23 16 18 16 17 22 14 19 24 18 21 16 20 16 14 18 20 14 22 23 17 16 20 16 18 20 19 14 21 22 14 16 20 20 20 18 19 15 14 18 18 20 24 
10 19 19 20 19 19 20 20 20 19 14 19 18 21 24 19 14 18 19 19 18 14 23 18 14 22 19 20 18 14 18 16 21 21 23 15 19 21 23 16 18 16 22 17 14 19 24 18 21 16 20 14 16 18 20 19 14 21 22 14 20 16 20 20 14 22 23 17 16 16 20 18 20 18 19 15 14 18 20 18 24 
10 19 19 20 19 19 20 20 20 19 14 21 18 19 24 14 19 18 19 21 18 16 23 16 17 22 14 20 18 16 18 14 21 23 21 15 19 19 23 14 18 18 22 14 19 19 24 16 21 18 20 16 14 18 20 14 17 23 22 16 20 16 18 20 19 22 21 14 14 16 20 20 20 18 14 15 19 18 18 20 24 
10 19 19 20 19 19 20 20 20 19 14 21 18 19 24 19 14 18 19 21 18 16 23 16 22 17 14 20 18 16 18 14 21 21 23 15 19 19 23 14 18 18 14 22 19 19 24 16 21 18 20 14 16 18 20 19 22 21 14 14 20 16 20 20 14 17 23 22 16 16 20 18 20 18 14 15 19 18 20 18 24 
10 19 19 20 19 20 19 20 20 19 14 19 18 21 14 24 19 18 19 19 18 14 23 22 18 14 19 20 18 14 18 16 23 21 21 15 19 21 23 16 18 17 16 22 14 20 14 22 23 17 20 16 16 18 19 24 18 21 16 16 20 14 18 20 19 14 21 22 16 14 20 20 20 18 19 15 14 18 18 20 24 
10 19 19 20 19 20 19 20 20 19 14 19 18 21 19 24 14 18 19 19 18 14 23 14 18 22 19 20 18 14 18 16 21 21 23 15 19 21 23 16 18 22 16 17 14 20 19 14 21 22 20 14 16 20 19 24 18 21 16 14 20 16 18 20 14 22 23 17 16 16 20 18 20 18 19 15 14 20 18 18 24 
10 19 19 20 19 20 19 20 20 19 14 21 18 19 14 24 19 18 19 21 18 16 23 17 16 22 14 20 18 16 18 14 23 21 21 15 19 19 23 14 18 22 18 14 19 20 14 17 23 22 20 16 16 18 19 24 16 21 18 16 20 14 18 20 19 22 21 14 16 14 20 20 20 18 14 15 19 18 18 20 24 
10 19 19 20 19 20 19 20 20 19 14 21 18 19 19 24 14 18 19 21 18 16 23 22 16 17 14 20 18 16 18 14 21 21 23 15 19 19 23 14 18 14 18 22 19 20 19 22 21 14 20 14 16 20 19 24 16 21 18 14 20 16 18 20 14 17 23 22 16 16 20 18 20 18 14 15 19 20 18 18 24 
10 19 19 20 19 20 20 19 20 19 14 19 18 21 14 19 24 18 19 19 18 14 23 22 14 18 19 20 18 14 18 16 23 21 21 15 19 21 23 16 18 17 22 16 14 20 14 22 23 17 20 16 16 18 20 19 14 21 22 16 20 14 20 19 24 18 21 16 16 14 20 18 20 18 19 15 14 18 20 18 24 
10 19 19 20 19 20 20 19 20 19 14 19 18 21 19 14 24 18 19 19 18 14 23 14 22 18 19 20 18 14 18 16 21 23 21 15 19 21 23 16 18 22 17 16 14 20 19 14 21 22 20 16 14 20 20 14 22 23 17 16 20 16 18 19 24 18 21 16 14 16 20 18 20 18 19 15 14 20 18 18 24 
10 19 19 19 19 20 20 20 20 19 16 20 20 22 14 16 16 23 19 20 16 22 20 16 16 23 14 19 20 22 16 20 23 14 16 16 19 22 20 20 16 16 23 14 16 20 14 16 23 16 22 19 17 19 20 16 16 14 23 19 22 19 17 20 16 23 16 14 17 19 22 19 20 23 14 16 16 19 17 19 22 
10 19 19 19 19 20 20 20 20 19 16 20 20 22 14 16 16 23 19 20 16 22 20 16 23 16 14 19 20 22 16 20 23 16 14 16 19 22 20 20 16 16 14 23 16 20 14 16 23 16 22 17 19 19 20 16 23 16 14 17 22 19 19 20 16 16 14 23 19 19 22 17 20 23 14 16 16 19 19 17 22 
10 19 19 19 19 20 20 20 20 19 16 20 20 22 14 16 16 23 19 20 16 22 20 23 14 16 16 19 20 22 16 20 16 16 23 14 19 22 20 20 16 16 23 14 16 20 14 23 16 16 22 19 17 19 20 16 14 16 23 19 22 19 17 20 16 16 23 14 17 19 22 19 20 23 16 14 16 19 17 19 22 
10 19 19 19 19 20 20 20 20 19 16 20 20 22 14 16 16 23 19 20 16 22 20 23 16 14 16 19 20 22 16 20 16 23 16 14 19 22 20 20 16 16 14 23 16 20 14 23 16 16 22 17 19 19 20 16 16 23 14 17 22 19 19 20 16 14 16 23 19 19 22 17 20 23 16 14 16 19 19 17 22 
10 19 19 19 19 20 20 20 20 19 16 20 20 22 14 16 23 16 19 20 16 22 20 16 16 14 23 19 20 22 16 20 23 14 16 16 19 22 20 20 16 16 23 16 14 20 14 16 23 16 22 19 19 17 20 16 16 14 23 19 22 17 19 20 23 14 16 16 19 17 22 19 20 16 23 16 14 17 19 19 22 
10 19 19 19 19 20 20 20 20 19 16 20 20 22 14 16 23 16 19 20 16 22 20 16 23 14 16 19 20 22 16 20 23 16 16 14 19 22 20 20 16 16 14 16 23 20 14 16 23 16 22 17 19 19 20 16 23 16 14 17 22 19 19 20 23 14 16 16 19 19 22 17 20 16 16 14 23 19 19 17 22 
10 19 19 19 19 20 20 20 20 19 16 20 20 22 14 16 23 16 19 20 16 22 20 23 14 16 16 19 20 22 16 20 16 16 14 23 19 22 20 20 16 16 23 16 14 20 14 23 16 16 22 19 19 17 20 16 14 16 23 19 22 17 19 20 23 16 14 16 19 17 22 19 20 16 16 23 14 17 19 19 22 
10 19 19 19 19 20 20 20 20 19 16 20 20 22 14 16 23 16 19 20 16 22 20 23 16 16 14 19 20 22 16 20 16 23 14 16 19 22 20 20 16 16 14 16 23 20 14 23 16 16 22 17 19 19 20 16 16 23 14 17 22 19 19 20 23 16 14 16 19 19 22 17 20 16 14 16 23 19 19 17 22 
10 19 19 19 19 20 20 20 20 19 16 20 20 22 14 23 16 16 19 20 16 22 20 16 14 16 23 19 20 22 16 20 23 16 14 16 19 22 20 20 16 16 16 23 14 20 14 16 23 16 22 19 19 17 20 23 14 16 16 19 22 17 19 20 16 16 14 23 19 17 22 19 20 16 23 16 14 17 19 19 22 
10 19 19 19 19 20 20 20 20 19 16 20 20 22 14 23 16 16 19 20 16 22 20 16 14 23 16 19 20 22 16 20 23 16 16 14 19 22 20 20 16 16 16 14 23 20 14 16 23 16 22 19 17 19 20 23 14 16 16 19 22 19 17 20 16 23 16 14 17 19 22 19 20 16 16 14 23 19 17 19 22 
10 19 19 19 19 20 20 20 20 19 16 20 20 22 14 23 16 16 19 20 16 22 20 23 16 14 16 19 20 22 16 20 16 14 16 23 19 22 20 20 16 16 16 23 14 20 14 23 16 16 22 19 19 17 20 23 16 14 16 19 22 17 19 20 16 14 16 23 19 17 22 19 20 16 16 23 14 17 19 19 22 
10 19 19 19 19 20 20 20 20 19 16 20 20 22 14 23 16 16 19 20 16 22 20 23 16 16 14 19 20 22 16 20 16 14 23 16 19 22 20 20 16 16 16 14 23 20 14 23 16 16 22 19 17 19 20 23 16 14 16 19 22 19 17 20 16 16 23 14 17 19 22 19 20 16 14 16 23 19 17 19 22 
10 19 19 19 19 20 20 20 20 19 16 20 20 22 16 14 16 23 19 20 16 22 20 14 23 16 16 19 20 22 16 20 16 16 23 14 19 22 20 20 16 23 16 14 16 20 16 14 16 23 22 19 19 17 20 14 23 16 16 19 22 17 19 20 16 16 23 14 19 17 22 19 20 23 16 14 16 17 19 19 22 
10 19 19 19 19 20 20 20 20 19 16 20 20 22 16 14 16 23 19 20 16 22 20 16 16 23 14 19 20 22 16 20 14 23 16 16 19 22 20 20 16 23 16 14 16 20 16 16 14 23 22 19 19 17 20 14 16 23 16 19 22 17 19 20 16 23 16 14 19 17 22 19 20 23 14 16 16 17 19 19 22 
10 19 19 19 19 20 20 20 20 19 16 20 20 22 16 14 16 23 19 20 16 22 20 16 23 14 16 19 20 22 16 20 23 16 16 14 19 22 20 20 16 14 16 23 16 20 16 16 23 14 22 17 19 19 20 14 23 16 16 17 22 19 19 20 16 14 16 23 19 19 22 17 20 23 16 14 16 19 19 17 22 
10 19 19 19 19 20 20 20 20 19 16 20 20 22 16 14 16 23 19 20 16 22 20 23 16 16 14 19 20 22 16 20 16 23 14 16 19 22 20 20 16 14 16 23 16 20 16 23 16 14 22 17 19 19 20 14 16 23 16 17 22 19 19 20 16 16 14 23 19 19 22 17 20 23 14 16 16 19 19 17 22 
10 19 19 19 19 20 20 20 20 19 16 20 20 22 16 14 23 16 19 20 16 22 20 14 23 16 16 19 20 22 16 20 16 16 14 23 19 22 20 20 16 23 16 16 14 20 16 14 16 23 22 19 17 19 20 14 23 16 16 19 22 19 17 20 23 16 14 16 17 19 22 19 20 16 16 23 14 19 17 19 22 
10 19 19 19 19 20 20 20 20 19 16 20 20 22 16 14 23 16 19 20 16 22 20 16 16 14 23 19 20 22 16 20 14 23 16 16 19 22 20 20 16 23 16 16 14 20 16 16 14 23 22 19 17 19 20 14 16 23 16 19 22 19 17 20 23 14 16 16 17 19 22 19 20 16 23 16 14 19 17 19 22 
10 19 19 19 19 20 20 20 20 19 16 20 20 22 16 14 23 16 19 20 16 22 20 16 23 16 14 19 20 22 16 20 23 16 14 16 19 22 20 20 16 14 16 16 23 20 16 16 23 14 22 17 19 19 20 14 23 16 16 17 22 19 19 20 23 16 14 16 19 19 22 17 20 16 14 16 23 19 19 17 22 
10 19 19 19 19 20 20 20 20 19 16 20 20 22 16 14 23 16 19 20 16 22 20 23 16 14 16 19 20 22 16 20 16 23 16 14 19 22 20 20 16 14 16 16 23 20 16 23 16 14 22 17 19 19 20 14 16 23 16 17 22 19 19 20 23 14 16 16 19 19 22 17 20 16 16 14 23 19 19 17 22 
10 19 19 19 19 20 20 20 20 19 16 20 20 22 16 16 14 23 19 20 16 22 20 14 16 23 16 19 20 22 16 20 16 23 16 14 19 22 20 20 16 23 14 16 16 20 16 14 16 23 22 19 19 17 20 16 16 23 14 19 22 17 19 20 14 23 16 16 19 17 22 19 20 23 16 14 16 17 19 19 22 
10 19 19 19 19 20 20 20 20 19 16 20 20 22 16 16 14 23 19 20 16 22 20 16 14 23 16 19 20 22 16 20 23 16 16 14 19 22 20 20 16 14 23 16 16 20 16 16 23 14 22 19 17 19 20 16 14 16 23 19 22 19 17 20 14 23 16 16 17 19 22 19 20 23 16 14 16 19 17 19 22 
10 19 19 19 19 20 20 20 20 19 16 20 20 22 16 16 14 23 19 20 16 22 20 16 23 16 14 19 20 22 16 20 14 16 23 16 19 22 20 20 16 23 14 16 16 20 16 16 14 23 22 19 19 17 20 16 23 16 14 19 22 17 19 20 14 16 23 16 19 17 22 19 20 23 14 16 16 17 19 19 22 
10 19 19 19 19 20 20 20 20 19 16 20 20 22 16 16 14 23 19 20 16 22 20 23 16 16 14 19 20 22 16 20 16 14 23 16 19 22 20 20 16 14 23 16 16 20 16 23 16 14 22 19 17 19 20 16 16 14 23 19 22 19 17 20 14 16 23 16 17 19 22 19 20 23 14 16 16 19 17 19 22 
10 19 19 19 19 20 20 20 20 19 16 20 20 22 16 16 23 14 19 20 16 22 20 14 16 16 23 19 20 22 16 20 16 23 14 16 19 22 20 20 16 23 14 16 16 20 16 14 16 23 22 19 17 19 20 16 16 23 14 19 22 19 17 20 23 16 14 16 17 19 22 19 20 14 23 16 16 19 17 19 22 
10 19 19 19 19 20 20 20 20 19 16 20 20 22 16 16 23 14 19 20 16 22 20 16 14 16 23 19 20 22 16 20 23 16 14 16 19 22 20 20 16 14 23 16 16 20 16 16 23 14 22 19 19 17 20 16 14 16 23 19 22 17 19 20 23 16 14 16 19 17 22 19 20 14 23 16 16 17 19 19 22 
10 19 19 19 19 20 20 20 20 19 16 20 20 22 16 16 23 14 19 20 16 22 20 16 23 14 16 19 20 22 16 20 14 16 16 23 19 22 20 20 16 23 14 16 16 20 16 16 14 23 22 19 17 19 20 16 23 16 14 19 22 19 17 20 23 14 16 16 17 19 22 19 20 14 16 23 16 19 17 19 22 
10 19 19 19 19 20 20 20 20 19 16 20 20 22 16 16 23 14 19 20 16 22 20 23 16 14 16 19 20 22 16 20 16 14 16 23 19 22 20 20 16 14 23 16 16 20 16 23 16 14 22 19 19 17 20 16 16 14 23 19 22 17 19 20 23 14 16 16 19 17 22 19 20 14 16 23 16 17 19 19 22 
10 19 19 19 19 20 20 20 20 19 16 20 20 22 16 23 14 16 19 20 16 22 20 14 16 23 16 19 20 22 16 20 16 14 16 23 19 22 20 20 16 23 16 16 14 20 16 14 16 23 22 17 19 19 20 23 16 14 16 17 22 19 19 20 14 23 16 16 19 19 22 17 20 16 16 23 14 19 19 17 22 
10 19 19 19 19 20 20 20 20 19 16 20 20 22 16 23 14 16 19 20 16 22 20 16 14 16 23 19 20 22 16 20 14 16 23 16 19 22 20 20 16 23 16 16 14 20 16 16 14 23 22 17 19 19 20 23 14 16 16 17 22 19 19 20 14 16 23 16 19 19 22 17 20 16 23 16 14 19 19 17 22 
10 19 19 19 19 20 20 20 20 19 16 20 20 22 16 23 14 16 19 20 16 22 20 16 16 23 14 19 20 22 16 20 23 14 16 16 19 22 20 20 16 14 16 16 23 20 16 16 23 14 22 19 17 19 20 23 16 14 16 19 22 19 17 20 14 23 16 16 17 19 22 19 20 16 14 16 23 19 17 19 22 
10 19 19 19 19 20 20 20 20 19 16 20 20 22 16 23 14 16 19 20 16 22 20 23 14 16 16 19 20 22 16 20 16 16 23 14 19 22 20 20 16 14 16 16 23 20 16 23 16 14 22 19 17 19 20 23 14 16 16 19 22 19 17 20 14 16 23 16 17 19 22 19 20 16 16 14 23 19 17 19 22 
10 19 19 19 19 20 20 20 20 19 16 20 20 22 16 23 16 14 19 20 16 22 20 14 16 16 23 19 20 22 16 20 16 14 23 16 19 22 20 20 16 23 16 14 16 20 16 14 16 23 22 17 19 19 20 23 16 14 16 17 22 19 19 20 16 16 23 14 19 19 22 17 20 14 23 16 16 19 19 17 22 
10 19 19 19 19 20 20 20 20 19 16 20 20 22 16 23 16 14 19 20 16 22 20 16 14 23 16 19 20 22 16 20 14 16 16 23 19 22 20 20 16 23 16 14 16 20 16 16 14 23 22 17 19 19 20 23 14 16 16 17 22 19 19 20 16 23 16 14 19 19 22 17 20 14 16 23 16 19 19 17 22 
10 19 19 19 19 20 20 20 20 19 16 20 20 22 16 23 16 14 19 20 16 22 20 16 16 14 23 19 20 22 16 20 23 14 16 16 19 22 20 20 16 14 16 23 16 20 16 16 23 14 22 19 19 17 20 23 16 14 16 19 22 17 19 20 16 14 16 23 19 17 22 19 20 14 23 16 16 17 19 19 22 
10 19 19 19 19 20 20 20 20 19 16 20 20 22 16 23 16 14 19 20 16 22 20 23 14 16 16 19 20 22 16 20 16 16 14 23 19 22 20 20 16 14 16 23 16 20 16 23 16 14 22 19 19 17 20 23 14 16 16 19 22 17 19 20 16 16 14 23 19 17 22 19 20 14 16 23 16 17 19 19 22 
10 19 19 19 19 20 20 20 20 19 16 20 20 22 23 14 16 16 19 20 16 22 20 14 16 16 23 19 20 22 16 20 16 23 14 16 19 22 20 20 16 16 16 23 14 20 23 14 16 16 22 19 17 19 20 14 16 23 16 19 22 19 17 20 16 16 14 23 17 19 22 19 20 16 23 16 14 19 17 19 22 
10 19 19 19 19 20 20 20 20 19 16 20 20 22 23 14 16 16 19 20 16 22 20 14 16 23 16 19 20 22 16 20 16 23 16 14 19 22 20 20 16 16 16 14 23 20 23 14 16 16 22 19 19 17 20 14 16 23 16 19 22 17 19 20 16 23 16 14 19 17 22 19 20 16 16 14 23 17 19 19 22 
10 19 19 19 19 20 20 20 20 19 16 20 20 22 23 14 16 16 19 20 16 22 20 16 23 14 16 19 20 22 16 20 14 16 16 23 19 22 20 20 16 16 16 23 14 20 23 16 14 16 22 19 17 19 20 14 23 16 16 19 22 19 17 20 16 14 16 23 17 19 22 19 20 16 16 23 14 19 17 19 22 
10 19 19 19 19 20 20 20 20 19 16 20 20 22 23 14 16 16 19 20 16 22 20 16 23 16 14 19 20 22 16 20 14 16 23 16 19 22 20 20 16 16 16 14 23 20 23 16 14 16 22 19 19 17 20 14 23 16 16 19 22 17 19 20 16 16 23 14 19 17 22 19 20 16 14 16 23 17 19 19 22 
10 19 19 19 19 20 20 20 20 19 16 20 20 22 23 16 14 16 19 20 16 22 20 14 16 16 23 19 20 22 16 20 16 14 23 16 19 22 20 20 16 16 23 16 14 20 23 14 16 16 22 17 19 19 20 16 16 14 23 17 22 19 19 20 14 16 23 16 19 19 22 17 20 16 23 16 14 19 19 17 22 
10 19 19 19 19 20 20 20 20 19 16 20 20 22 23 16 14 16 19 20 16 22 20 14 23 16 16 19 20 22 16 20 16 16 23 14 19 22 20 20 16 16 14 16 23 20 23 14 16 16 22 19 19 17 20 16 23 16 14 19 22 17 19 20 14 16 23 16 19 17 22 19 20 16 16 14 23 17 19 19 22 
10 19 19 19 19 20 20 20 20 19 16 20 20 22 23 16 14 16 19 20 16 22 20 16 14 23 16 19 20 22 16 20 14 16 16 23 19 22 20 20 16 16 23 16 14 20 23 16 14 16 22 17 19 19 20 16 14 16 23 17 22 19 19 20 14 23 16 16 19 19 22 17 20 16 16 23 14 19 19 17 22 
10 19 19 19 19 20 20 20 20 19 16 20 20 22 23 16 14 16 19 20 16 22 20 16 16 23 14 19 20 22 16 20 14 23 16 16 19 22 20 20 16 16 14 16 23 20 23 16 14 16 22 19 19 17 20 16 16 23 14 19 22 17 19 20 14 23 16 16 19 17 22 19 20 16 14 16 23 17 19 19 22 
10 19 19 19 19 20 20 20 20 19 16 20 20 22 23 16 16 14 19 20 16 22 20 14 16 23 16 19 20 22 16 20 16 14 16 23 19 22 20 20 16 16 23 14 16 20 23 14 16 16 22 17 19 19 20 16 16 14 23 17 22 19 19 20 16 23 16 14 19 19 22 17 20 14 16 23 16 19 19 17 22 
10 19 19 19 19 20 20 20 20 19 16 20 20 22 23 16 16 14 19 20 16 22 20 14 23 16 16 19 20 22 16 20 16 16 14 23 19 22 20 20 16 16 14 23 16 20 23 14 16 16 22 19 17 19 20 16 23 16 14 19 22 19 17 20 16 16 14 23 17 19 22 19 20 14 16 23 16 19 17 19 22 
10 19 19 19 19 20 20 20 20 19 16 20 20 22 23 16 16 14 19 20 16 22 20 16 14 16 23 19 20 22 16 20 14 16 23 16 19 22 20 20 16 16 23 14 16 20 23 16 14 16 22 17 19 19 20 16 14 16 23 17 22 19 19 20 16 16 23 14 19 19 22 17 20 14 23 16 16 19 19 17 22 
10 19 19 19 19 20 20 20 20 19 16 20 20 22 23 16 16 14 19 20 16 22 20 16 16 14 23 19 20 22 16 20 14 23 16 16 19 22 20 20 16 16 14 23 16 20 23 16 14 16 22 19 17 19 20 16 16 23 14 19 22 19 17 20 16 14 16 23 17 19 22 19 20 14 23 16 16 19 17 19 22 
10 19 19 19 19 20 20 20 20 19 16 20 22 20 14 16 16 23 19 20 16 20 22 16 16 23 14 19 22 20 16 20 16 23 14 16 19 20 22 20 16 23 14 16 16 20 14 16 16 23 22 19 17 19 20 16 16 23 14 19 22 19 17 20 16 23 14 16 17 19 22 19 20 23 14 16 16 19 17 19 22 
10 19 19 19 19 20 20 20 20 19 16 20 22 20 14 16 16 23 19 20 16 20 22 16 23 16 14 19 22 20 16 20 16 14 23 16 19 20 22 20 16 23 16 14 16 20 14 16 16 23 22 17 19 19 20 16 23 14 16 17 22 19 19 20 16 16 23 14 19 19 22 17 20 23 14 16 16 19 19 17 22 
10 19 19 19 19 20 20 20 20 19 16 20 22 20 14 16 16 23 19 20 16 20 22 23 14 16 16 19 22 20 16 20 16 23 14 16 19 20 22 20 16 16 16 23 14 20 14 23 16 16 22 19 17 19 20 16 14 23 16 19 22 19 17 20 16 16 14 23 17 19 22 19 20 23 16 16 14 19 17 19 22 
10 19 19 19 19 20 20 20 20 19 16 20 22 20 14 16 16 23 19 20 16 20 22 23 16 14 16 19 22 20 16 20 16 14 23 16 19 20 22 20 16 16 23 16 14 20 14 23 16 16 22 17 19 19 20 16 16 14 23 17 22 19 19 20 16 14 23 16 19 19 22 17 20 23 16 16 14 19 19 17 22 
10 19 19 19 19 20 20 20 20 19 16 20 22 20 14 16 23 16 19 20 16 20 22 16 16 14 23 19 22 20 16 20 16 23 16 14 19 20 22 20 16 23 14 16 16 20 14 16 16 23 22 19 19 17 20 16 16 23 14 19 22 17 19 20 23 14 16 16 19 17 22 19 20 16 23 14 16 17 19 19 22 
10 19 19 19 19 20 20 20 20 19 16 20 22 20 14 16 23 16 19 20 16 20 22 16 23 14 16 19 22 20 16 20 16 14 16 23 19 20 22 20 16 23 16 16 14 20 14 16 16 23 22 17 19 19 20 16 23 14 16 17 22 19 19 20 23 14 16 16 19 19 22 17 20 16 16 23 14 19 19 17 22 
10 19 19 19 19 20 20 20 20 19 16 20 22 20 14 16 23 16 19 20 16 20 22 23 14 16 16 19 22 20 16 20 16 23 16 14 19 20 22 20 16 16 16 14 23 20 14 23 16 16 22 19 19 17 20 16 14 23 16 19 22 17 19 20 23 16 16 14 19 17 22 19 20 16 16 14 23 17 19 19 22 
10 19 19 19 19 20 20 20 20 19 16 20 22 20 14 16 23 16 19 20 16 20 22 23 16 16 14 19 22 20 16 20 16 14 16 23 19 20 22 20 16 16 23 14 16 20 14 23 16 16 22 17 19 19 20 16 16 14 23 17 22 19 19 20 23 16 16 14 19 19 22 17 20 16 14 23 16 19 19 17 22 
10 19 19 19 19 20 20 20 20 19 16 20 22 20 14 23 16 16 19 20 16 20 22 16 14 16 23 19 22 20 16 20 16 16 23 14 19 20 22 20 16 23 16 14 16 20 14 16 16 23 22 19 19 17 20 23 14 16 16 19 22 17 19 20 16 16 23 14 19 17 22 19 20 16 23 14 16 17 19 19 22 
10 19 19 19 19 20 20 20 20 19 16 20 22 20 14 23 16 16 19 20 16 20 22 16 14 23 16 19 22 20 16 20 16 16 14 23 19 20 22 20 16 23 16 16 14 20 14 16 16 23 22 19 17 19 20 23 14 16 16 19 22 19 17 20 16 23 14 16 17 19 22 19 20 16 16 23 14 19 17 19 22 
10 19 19 19 19 20 20 20 20 19 16 20 22 20 14 23 16 16 19 20 16 20 22 23 16 14 16 19 22 20 16 20 16 16 23 14 19 20 22 20 16 16 14 16 23 20 14 23 16 16 22 19 19 17 20 23 16 16 14 19 22 17 19 20 16 14 23 16 19 17 22 19 20 16 16 14 23 17 19 19 22 
10 19 19 19 19 20 20 20 20 19 16 20 22 20 14 23 16 16 19 20 16 20 22 23 16 16 14 19 22 20 16 20 16 16 14 23 19 20 22 20 16 16 14 23 16 20 14 23 16 16 22 19 17 19 20 23 16 16 14 19 22 19 17 20 16 16 14 23 17 19 22 19 20 16 14 23 16 19 17 19 22 
10 19 19 19 19 20 20 20 20 19 16 20 22 20 16 14 16 23 19 20 16 20 22 14 23 16 16 19 22 20 16 20 23 16 14 16 19 20 22 20 16 16 16 23 14 20 16 14 23 16 22 19 19 17 20 14 23 16 16 19 22 17 19 20 16 16 14 23 19 17 22 19 20 23 16 16 14 17 19 19 22 
10 19 19 19 19 20 20 20 20 19 16 20 22 20 16 14 16 23 19 20 16 20 22 16 16 23 14 19 22 20 16 20 23 16 14 16 19 20 22 20 16 14 23 16 16 20 16 16 23 14 22 19 19 17 20 14 16 16 23 19 22 17 19 20 16 23 14 16 19 17 22 19 20 23 14 16 16 17 19 19 22 
10 19 19 19 19 20 20 20 20 19 16 20 22 20 16 14 16 23 19 20 16 20 22 16 23 14 16 19 22 20 16 20 14 16 23 16 19 20 22 20 16 23 16 16 14 20 16 16 14 23 22 17 19 19 20 14 23 16 16 17 22 19 19 20 16 14 23 16 19 19 22 17 20 23 16 16 14 19 19 17 22 
10 19 19 19 19 20 20 20 20 19 16 20 22 20 16 14 16 23 19 20 16 20 22 23 16 16 14 19 22 20 16 20 14 16 23 16 19 20 22 20 16 16 23 14 16 20 16 23 14 16 22 17 19 19 20 14 16 16 23 17 22 19 19 20 16 16 23 14 19 19 22 17 20 23 14 16 16 19 19 17 22 
10 19 19 19 19 20 20 20 20 19 16 20 22 20 16 14 23 16 19 20 16 20 22 14 23 16 16 19 22 20 16 20 23 16 16 14 19 20 22 20 16 16 16 14 23 20 16 14 23 16 22 19 17 19 20 14 23 16 16 19 22 19 17 20 23 16 16 14 17 19 22 19 20 16 16 14 23 19 17 19 22 
10 19 19 19 19 20 20 20 20 19 16 20 22 20 16 14 23 16 19 20 16 20 22 16 16 14 23 19 22 20 16 20 23 16 16 14 19 20 22 20 16 14 23 16 16 20 16 16 23 14 22 19 17 19 20 14 16 16 23 19 22 19 17 20 23 14 16 16 17 19 22 19 20 16 23 14 16 19 17 19 22 
10 19 19 19 19 20 20 20 20 19 16 20 22 20 16 14 23 16 19 20 16 20 22 16 23 16 14 19 22 20 16 20 14 16 16 23 19 20 22 20 16 23 16 14 16 20 16 16 14 23 22 17 19 19 20 14 23 16 16 17 22 19 19 20 23 16 16 14 19 19 22 17 20 16 14 23 16 19 19 17 22 
10 19 19 19 19 20 20 20 20 19 16 20 22 20 16 14 23 16 19 20 16 20 22 23 16 14 16 19 22 20 16 20 14 16 16 23 19 20 22 20 16 16 23 16 14 20 16 23 14 16 22 17 19 19 20 14 16 16 23 17 22 19 19 20 23 14 16 16 19 19 22 17 20 16 16 23 14 19 19 17 22 
10 19 19 19 19 20 20 20 20 19 16 20 22 20 16 16 14 23 19 20 16 20 22 14 16 23 16 19 22 20 16 20 23 14 16 16 19 20 22 20 16 16 23 16 14 20 16 14 23 16 22 19 19 17 20 16 16 14 23 19 22 17 19 20 14 23 16 16 19 17 22 19 20 23 16 16 14 17 19 19 22 
10 19 19 19 19 20 20 20 20 19 16 20 22 20 16 16 14 23 19 20 16 20 22 16 14 23 16 19 22 20 16 20 14 23 16 16 19 20 22 20 16 23 16 16 14 20 16 16 14 23 22 19 17 19 20 16 14 23 16 19 22 19 17 20 14 23 16 16 17 19 22 19 20 23 16 16 14 19 17 19 22 
10 19 19 19 19 20 20 20 20 19 16 20 22 20 16 16 14 23 19 20 16 20 22 16 23 16 14 19 22 20 16 20 23 14 16 16 19 20 22 20 16 14 16 23 16 20 16 16 23 14 22 19 19 17 20 16 23 14 16 19 22 17 19 20 14 16 16 23 19 17 22 19 20 23 14 16 16 17 19 19 22 
10 19 19 19 19 20 20 20 20 19 16 20 22 20 16 16 14 23 19 20 16 20 22 23 16 16 14 19 22 20 16 20 14 23 16 16 19 20 22 20 16 16 14 23 16 20 16 23 14 16 22 19 17 19 20 16 16 23 14 19 22 19 17 20 14 16 16 23 17 19 22 19 20 23 14 16 16 19 17 19 22 
10 19 19 19 19 20 20 20 20 19 16 20 22 20 16 16 23 14 19 20 16 20 22 14 16 16 23 19 22 20 16 20 23 14 16 16 19 20 22 20 16 16 23 14 16 20 16 14 23 16 22 19 17 19 20 16 16 14 23 19 22 19 17 20 23 16 16 14 17 19 22 19 20 14 23 16 16 19 17 19 22 
10 19 19 19 19 20 20 20 20 19 16 20 22 20 16 16 23 14 19 20 16 20 22 16 14 16 23 19 22 20 16 20 14 23 16 16 19 20 22 20 16 23 16 14 16 20 16 16 14 23 22 19 19 17 20 16 14 23 16 19 22 17 19 20 23 16 16 14 19 17 22 19 20 14 23 16 16 17 19 19 22 
10 19 19 19 19 20 20 20 20 19 16 20 22 20 16 16 23 14 19 20 16 20 22 16 23 14 16 19 22 20 16 20 23 14 16 16 19 20 22 20 16 14 16 16 23 20 16 16 23 14 22 19 17 19 20 16 23 14 16 19 22 19 17 20 23 14 16 16 17 19 22 19 20 14 16 16 23 19 17 19 22 
10 19 19 19 19 20 20 20 20 19 16 20 22 20 16 16 23 14 19 20 16 20 22 23 16 14 16 19 22 20 16 20 14 23 16 16 19 20 22 20 16 16 14 16 23 20 16 23 14 16 22 19 19 17 20 16 16 23 14 19 22 17 19 20 23 14 16 16 19 17 22 19 20 14 16 16 23 17 19 19 22 
10 19 19 19 19 20 20 20 20 19 16 20 22 20 16 23 14 16 19 20 16 20 22 14 16 23 16 19 22 20 16 20 23 16 16 14 19 20 22 20 16 16 14 16 23 20 16 14 23 16 22 17 19 19 20 23 16 16 14 17 22 19 19 20 14 23 16 16 19 19 22 17 20 16 16 14 23 19 19 17 22 
10 19 19 19 19 20 20 20 20 19 16 20 22 20 16 23 14 16 19 20 16 20 22 16 14 16 23 19 22 20 16 20 23 16 16 14 19 20 22 20 16 14 16 23 16 20 16 16 23 14 22 17 19 19 20 23 14 16 16 17 22 19 19 20 14 16 16 23 19 19 22 17 20 16 23 14 16 19 19 17 22 
10 19 19 19 19 20 20 20 20 19 16 20 22 20 16 23 14 16 19 20 16 20 22 16 16 23 14 19 22 20 16 20 14 16 16 23 19 20 22 20 16 23 14 16 16 20 16 16 14 23 22 19 17 19 20 23 16 16 14 19 22 19 17 20 14 23 16 16 17 19 22 19 20 16 14 23 16 19 17 19 22 
10 19 19 19 19 20 20 20 20 19 16 20 22 20 16 23 14 16 19 20 16 20 22 23 14 16 16 19 22 20 16 20 14 16 16 23 19 20 22 20 16 16 16 23 14 20 16 23 14 16 22 19 17 19 20 23 14 16 16 19 22 19 17 20 14 16 16 23 17 19 22 19 20 16 16 23 14 19 17 19 22 
10 19 19 19 19 20 20 20 20 19 16 20 22 20 16 23 16 14 19 20 16 20 22 14 16 16 23 19 22 20 16 20 23 16 14 16 19 20 22 20 16 16 14 23 16 20 16 14 23 16 22 17 19 19 20 23 16 16 14 17 22 19 19 20 16 16 14 23 19 19 22 17 20 14 23 16 16 19 19 17 22 
10 19 19 19 19 20 20 20 20 19 16 20 22 20 16 23 16 14 19 20 16 20 22 16 14 23 16 19 22 20 16 20 23 16 14 16 19 20 22 20 16 14 16 16 23 20 16 16 23 14 22 17 19 19 20 23 14 16 16 17 22 19 19 20 16 23 14 16 19 19 22 17 20 14 16 16 23 19 19 17 22 
10 19 19 19 19 20 20 20 20 19 16 20 22 20 16 23 16 14 19 20 16 20 22 16 16 14 23 19 22 20 16 20 14 16 23 16 19 20 22 20 16 23 14 16 16 20 16 16 14 23 22 19 19 17 20 23 16 16 14 19 22 17 19 20 16 14 23 16 19 17 22 19 20 14 23 16 16 17 19 19 22 
10 19 19 19 19 20 20 20 20 19 16 20 22 20 16 23 16 14 19 20 16 20 22 23 14 16 16 19 22 20 16 20 14 16 23 16 19 20 22 20 16 16 16 14 23 20 16 23 14 16 22 19 19 17 20 23 14 16 16 19 22 17 19 20 16 16 23 14 19 17 22 19 20 14 16 16 23 17 19 19 22 
10 19 19 19 19 20 20 20 20 19 16 20 22 20 23 14 16 16 19 20 16 20 22 14 16 16 23 19 22 20 16 20 16 16 23 14 19 20 22 20 16 16 23 14 16 20 23 14 16 16 22 19 17 19 20 14 16 16 23 19 22 19 17 20 16 16 23 14 17 19 22 19 20 16 23 14 16 19 17 19 22 
10 19 19 19 19 20 20 20 20 19 16 20 22 20 23 14 16 16 19 20 16 20 22 14 16 23 16 19 22 20 16 20 16 16 14 23 19 20 22 20 16 16 23 16 14 20 23 14 16 16 22 19 19 17 20 14 16 16 23 19 22 17 19 20 16 23 14 16 19 17 22 19 20 16 16 23 14 17 19 19 22 
10 19 19 19 19 20 20 20 20 19 16 20 22 20 23 14 16 16 19 20 16 20 22 16 23 14 16 19 22 20 16 20 16 16 23 14 19 20 22 20 16 14 16 16 23 20 23 16 16 14 22 19 17 19 20 14 23 16 16 19 22 19 17 20 16 14 23 16 17 19 22 19 20 16 16 14 23 19 17 19 22 
10 19 19 19 19 20 20 20 20 19 16 20 22 20 23 14 16 16 19 20 16 20 22 16 23 16 14 19 22 20 16 20 16 16 14 23 19 20 22 20 16 14 16 23 16 20 23 16 16 14 22 19 19 17 20 14 23 16 16 19 22 17 19 20 16 16 14 23 19 17 22 19 20 16 14 23 16 17 19 19 22 
10 19 19 19 19 20 20 20 20 19 16 20 22 20 23 16 14 16 19 20 16 20 22 14 16 16 23 19 22 20 16 20 16 23 16 14 19 20 22 20 16 16 14 23 16 20 23 14 16 16 22 17 19 19 20 16 16 23 14 17 22 19 19 20 14 16 16 23 19 19 22 17 20 16 23 14 16 19 19 17 22 
10 19 19 19 19 20 20 20 20 19 16 20 22 20 23 16 14 16 19 20 16 20 22 14 23 16 16 19 22 20 16 20 16 14 16 23 19 20 22 20 16 16 16 23 14 20 23 14 16 16 22 19 19 17 20 16 23 14 16 19 22 17 19 20 14 16 16 23 19 17 22 19 20 16 16 23 14 17 19 19 22 
10 19 19 19 19 20 20 20 20 19 16 20 22 20 23 16 14 16 19 20 16 20 22 16 14 23 16 19 22 20 16 20 16 23 16 14 19 20 22 20 16 14 16 16 23 20 23 16 16 14 22 17 19 19 20 16 14 23 16 17 22 19 19 20 14 23 16 16 19 19 22 17 20 16 16 14 23 19 19 17 22 
10 19 19 19 19 20 20 20 20 19 16 20 22 20 23 16 14 16 19 20 16 20 22 16 16 23 14 19 22 20 16 20 16 14 16 23 19 20 22 20 16 14 23 16 16 20 23 16 16 14 22 19 19 17 20 16 16 14 23 19 22 17 19 20 14 23 16 16 19 17 22 19 20 16 14 23 16 17 19 19 22 
10 19 19 19 19 20 20 20 20 19 16 20 22 20 23 16 16 14 19 20 16 20 22 14 16 23 16 19 22 20 16 20 16 23 14 16 19 20 22 20 16 16 14 16 23 20 23 14 16 16 22 17 19 19 20 16 16 23 14 17 22 19 19 20 16 23 14 16 19 19 22 17 20 14 16 16 23 19 19 17 22 
10 19 19 19 19 20 20 20 20 19 16 20 22 20 23 16 16 14 19 20 16 20 22 14 23 16 16 19 22 20 16 20 16 14 23 16 19 20 22 20 16 16 16 14 23 20 23 14 16 16 22 19 17 19 20 16 23 14 16 19 22 19 17 20 16 16 23 14 17 19 22 19 20 14 16 16 23 19 17 19 22 
10 19 19 19 19 20 20 20 20 19 16 20 22 20 23 16 16 14 19 20 16 20 22 16 14 16 23 19 22 20 16 20 16 23 14 16 19 20 22 20 16 14 16 23 16 20 23 16 16 14 22 17 19 19 20 16 14 23 16 17 22 19 19 20 16 16 14 23 19 19 22 17 20 14 23 16 16 19 19 17 22 
10 19 19 19 19 20 20 20 20 19 16 20 22 20 23 16 16 14 19 20 16 20 22 16 16 14 23 19 22 20 16 20 16 14 23 16 19 20 22 20 16 14 23 16 16 20 23 16 16 14 22 19 17 19 20 16 16 14 23 19 22 19 17 20 16 14 23 16 17 19 22 19 20 14 23 16 16 19 17 19 22 
10 19 19 19 19 20 20 20 20 19 16 22 20 20 14 16 16 23 19 22 16 20 20 16 14 23 16 19 20 20 16 22 16 23 16 14 19 20 20 22 16 23 16 14 16 20 14 16 16 23 22 17 19 19 20 16 14 23 16 17 22 19 19 20 16 23 16 14 19 19 22 17 20 23 16 14 16 19 19 17 22 
10 19 19 19 19 20 20 20 20 19 16 22 20 20 14 16 16 23 19 22 16 20 20 16 14 23 16 19 20 20 16 22 23 16 14 16 19 20 20 22 16 16 23 16 14 20 14 16 23 16 22 17 19 19 20 16 14 16 23 17 22 19 19 20 16 23 14 16 19 19 22 17 20 23 16 16 14 19 19 17 22 
10 19 19 19 19 20 20 20 20 19 16 22 20 20 14 16 16 23 19 22 16 20 20 16 23 14 16 19 20 20 16 22 16 16 23 14 19 20 20 22 16 23 14 16 16 20 14 16 16 23 22 19 17 19 20 16 23 16 14 19 22 19 17 20 16 14 23 16 17 19 22 19 20 23 16 14 16 19 17 19 22 
10 19 19 19 19 20 20 20 20 19 16 22 20 20 14 16 16 23 19 22 16 20 20 16 23 14 16 19 20 20 16 22 23 14 16 16 19 20 20 22 16 16 16 23 14 20 14 16 23 16 22 19 17 19 20 16 23 14 16 19 22 19 17 20 16 14 16 23 17 19 22 19 20 23 16 16 14 19 17 19 22 
10 19 19 19 19 20 20 20 20 19 16 22 20 20 14 16 23 16 19 22 16 20 20 16 14 16 23 19 20 20 16 22 16 23 14 16 19 20 20 22 16 23 16 16 14 20 14 16 16 23 22 17 19 19 20 16 14 23 16 17 22 19 19 20 23 16 14 16 19 19 22 17 20 16 23 16 14 19 19 17 22 
10 19 19 19 19 20 20 20 20 19 16 22 20 20 14 16 23 16 19 22 16 20 20 16 14 16 23 19 20 20 16 22 23 16 16 14 19 20 20 22 16 16 23 14 16 20 14 16 23 16 22 17 19 19 20 16 14 16 23 17 22 19 19 20 23 16 16 14 19 19 22 17 20 16 23 14 16 19 19 17 22 
10 19 19 19 19 20 20 20 20 19 16 22 20 20 14 16 23 16 19 22 16 20 20 16 23 16 14 19 20 20 16 22 16 16 14 23 19 20 20 22 16 23 14 16 16 20 14 16 16 23 22 19 19 17 20 16 23 16 14 19 22 17 19 20 23 16 14 16 19 17 22 19 20 16 14 23 16 17 19 19 22 
10 19 19 19 19 20 20 20 20 19 16 22 20 20 14 16 23 16 19 22 16 20 20 16 23 16 14 19 20 20 16 22 23 14 16 16 19 20 20 22 16 16 16 14 23 20 14 16 23 16 22 19 19 17 20 16 23 14 16 19 22 17 19 20 23 16 16 14 19 17 22 19 20 16 14 16 23 17 19 19 22 
10 19 19 19 19 20 20 20 20 19 16 22 20 20 14 23 16 16 19 22 16 20 20 16 16 14 23 19 20 20 16 22 16 14 23 16 19 20 20 22 16 23 16 16 14 20 14 16 16 23 22 19 17 19 20 23 16 14 16 19 22 19 17 20 16 14 23 16 17 19 22 19 20 16 23 16 14 19 17 19 22 
